78.0246928153624
43.8949975240010
72.9021980270836
86.3085520954682
75.3443764369103
56.3163717815305
96.5114258848962
46.5540135411653
87.4205697192680
43.5333933107210
38.2252780579509
30.6032632342801
76.4819633023560
97.7186919618860
76.0368108511588
89.2073501375020
52.7404697301676
46.6785741067312
92.9271378936483
47.5759636497553
42.8384383202917
65.7993659274523
48.8558115276420
44.2095285986628
68.9723599933059
69.9544579544758
44.8216289321835
38.8006703371320
50.2561078924462
64.9956809553957
72.8078873131709
57.0519839762712
63.1276237688171
69.4328601204522
71.1677480218487
52.2138858806112
98.8694357422061
80.9080605867081
41.5734152282443
75.2377203360134
56.3080462160532
46.8562902634997
65.5689216055905
40.6182551597061
45.8227014577600
52.0609919483667
70.4582000018095
86.7278223300282
96.7688241241398
88.6962925454659
74.1631193504375
60.9990309984498
43.3906018065002
60.3963424583717
49.8045388132305
59.8089509945326
68.8615727242060
95.5985476138787
69.8245712265719
78.4535622451505
85.7599366733161
47.0205139472341
39.2614725105801
49.5929738672368
66.4500861455891
41.0920980793697
97.5351854890993
51.8832118207396
92.1160608134408
60.9913940274098
43.3071730643006
78.0316880201823
96.2275929676140
73.0949980975803
75.8584483127904
72.3692519338388
88.4758649955978
75.8098595298245
42.5084094357221
42.7198785371645
69.8037888983547
45.6943068025075
66.5893531774791
59.5142819801295
90.9601478974695
85.5943071045201
78.8447860014804
90.4245389975396
96.6474271688564
60.7695052560259
77.1591050907389
87.5087917648470
35.5707034722886
84.8451368493013
45.3582836109165
48.3802857972817
87.1038509402545
68.7754094720661
64.9319380069486
89.5298128951327