34.62365962451697
30.28671076822607
35.84740876993872
60.18259938620976
79.0327360507101
45.08327747668339
61.10666453684766
75.02474556738889
76.09878670226257
84.43281996120035
95.86155507093572
75.01365838958247
82.30705337399482
69.36458875970939
39.53833914367223
53.9710521485623
69.07014406283025
67.94685547711617
70.66150955499435
76.97878372747498
67.37202754570876
89.67677575072079
50.534788289883
34.21206097786789
77.9240914545704
62.27101367004632
80.1901807509566
93.114388797442
61.83020602312595
38.78580379679423
61.379289447425
85.40451939411645
52.10797973193984
52.04540476831827
40.23689373545111
54.63510555424817
33.91550010906887
64.17698887494485
74.78925295941542
34.1836400264419
83.90239366249155
51.54772026906181
94.44336776917852
82.36875375713919
51.04775177128865
62.22267576120188
77.19303492601364
97.77159928000232
62.07306379667647
91.56497449807442
79.94481794066932
99.2725269292572
90.54671411399852
34.52451385320009
50.2864961189907
49.58667721632031
97.64563396007767
32.57720016809309
74.24869136721598
71.79646205863379
75.3956114656803
35.28611281526193
56.25381749711624
30.05882244669796
44.66826172480893
66.56089447242954
40.45755098375164
49.07256321908844
80.27957401466998
66.74671856944039
32.72283304060323
64.0393204150601
72.34649422579923
60.45788573918959
58.84095621726802
99.82785779692128
47.26426910848174
50.45815980285988
60.45555629271532
82.22666157785568
88.9138964166533
94.83450672430196
67.31925746917527
57.23870631569862
80.36675600171273
68.46852178591112
42.0754545384731
75.47770200533905
78.63542434898018
52.34800398794107
94.09433112516793
90.44855097096364
55.48216114069585
74.49269241843041
89.84580670720979
83.48916274498238
42.2617008099817
99.31500880510394
55.34001756003703
74.77589300092767